1  0.6786820606466368
2  0.8469983144991788
3  0.8516556111833183
4  0.8413844328535459
5  0.8372416968600157
6  0.8379940674687479
7  0.831636550432443
8  0.8312941370708069
9  0.8282702116771884
10  0.8281935601784268
11  0.8260371703481724
12  0.8263453560180414
13  0.8219772009855105
14  0.822968133146486
15  0.8227439572516003
16  0.8205141132244745
17  0.8190890854470222
18  0.8172705133548926
19  0.8162528819009752
20  0.81334871840579
21  0.8110650867272402
22  0.8092073314148212
23  0.8062976336521585
24  0.8047379243504487
25  0.8032341075118167
26  0.8028932519115648
27  0.8018612769394041
28  0.801484735387525
29  0.8017019026464592
30  0.8007377404148504
31  0.8013625969218513
32  0.8007396076423414
33  0.8007180052093773
34  0.7997124646986805
35  0.7985657591442763
36  0.7978313158127611
37  0.7983982650017597
38  0.7982112159146102
39  0.7981574509555842
40  0.7976499379959018
41  0.7999315735582625
42  0.8001826981051499
43  0.7994286562258456
44  0.7978936066037582
45  0.7962725381765114
46  0.7955142213574092
47  0.794701357563816
48  0.7938416507929982
49  0.7929368237903129
50  0.7923064558816217
51  0.7909752200876159
52  0.7891721505780225
53  0.7881933715695123
54  0.7870907396652369
55  0.7858101221254772
56  0.784426127197186
57  0.7828273261010659
58  0.7816555396767598
59  0.780773277193558
60  0.7797850000194527
61  0.7786742073077049
62  0.7778619555608741
63  0.776761137776739
64  0.7746505715394341
65  0.7735613410473615
66  0.7711814737416519
67  0.7709604943259424
68  0.7694444053362651
69  0.768410270820836
70  0.7676444168907137
71  0.7662667179442234
72  0.765458917147612
73  0.7646004470343907
74  0.7635748878418479
75  0.762169643867754
76  0.7614162629296479
77  0.7605061164942283
78  0.7592296788536411
79  0.7582005669548226
80  0.7928606875430375
81  0.7924669857385995
82  0.7921639612957527
83  0.7919300663037057
84  0.7915566775163947
85  0.7913434680611982
86  0.7901218568510914
87  0.7896906969300055
88  0.7895365046902529
89  0.7876750845248992
90  0.7872823090819939
91  0.7868663385241073
92  0.7864703980123252
93  0.7861465796497787
94  0.7863356801362359
95  0.7856697675467641
96  0.7848924705118535
97  0.7842927522558958
98  0.7840360925982336
99  0.7835367547274373
100  0.7833683027903382
101  0.7824901974019473
102  0.7819398694401531
103  0.7817927220590739
104  0.7808546297717087
105  0.7804311325152624
106  0.7800531908131149
107  0.7796284005562849
108  0.7792983625817356
109  0.7789114460169225
110  0.7786751754407543
111  0.7782629819079778
112  0.7778006649391315
113  0.7773092706624134
114  0.776778807013878
115  0.776596226832713
116  0.7761393329392875
117  0.7757197786445523
118  0.7750714117245734
119  0.7746095436844623
120  0.7743834555213795
121  0.7734057708172731
122  0.7724639378193764
123  0.7721195831254745
124  0.7709566434911126
125  0.7705929581517763
126  0.7699571144277297
127  0.7698502848585737
128  0.769510527638941
129  0.7691427468609462
130  0.7690753479911118
131  0.7686813931888792
132  0.7688124948176672
133  0.7681212333038824
134  0.7666639731009464
135  0.7663742999827456
136  0.7645441624489487
137  0.7633481406809934
138  0.7633857643028742
139  0.6872855089548782
140  0.6870466312316521
141  0.6868267529221629
142  0.6865613061846483
143  0.6862224445438857
144  0.684778876116507
145  0.6845234448551967
146  0.6842454422662667
147  0.6840160826601199
148  0.6838041428427903
149  0.6835653622738468
150  0.682253187259332
151  0.6820509039136055
152  0.6818678508848562
153  0.6816016308935169
154  0.6813804005242953
155  0.6811458518461884
156  0.6808719921563899
157  0.6803722099537959
158  0.6801209036567356
159  0.679901459500518
160  0.6794553430608392
161  0.6782298373958044
162  0.6780624236247144
163  0.6778315149812774
164  0.6775397371786179
165  0.6770098823710714
166  0.6713991422667874
167  0.6711669737474357
168  0.6707174632616482
169  0.6703882290932665
170  0.6700320476950057
171  0.6698338198044086
172  0.6695642533369328
173  0.6693242668898238
174  0.66905056438316
175  0.6668486914968589
176  0.6680403874259692
177  0.6638172467873157
178  0.6632842084591838
179  0.6627026929088695
180  0.6623527879394848
181  0.661784633374649
182  0.6596737883217376
183  0.65943606938634
184  0.65755978164906
185  0.6540196369901669
186  0.6520841352776386
187  0.6518722138013371
188  0.6516676036148712
189  0.6499169215017994
190  0.6497266764750176
191  0.6495377021502279
192  0.6476112951814527
193  0.6471774875335414
194  0.646974739279627
195  0.6467093898759911
196  0.6465165653150665
197  0.6429965204685237
198  0.6425315953494563
199  0.642106004659752
200  0.6416300885485007
201  0.6413727331533016
202  0.6409992808288466
203  0.6405398667875172
204  0.638442243685803
205  0.6379352484232292
206  0.6375038899041077
207  0.637107315174209
208  0.6366808439499323
209  0.636365773880454
210  0.63595252689835
211  0.6332577234876584
212  0.6306636783885776
213  0.6303439317196616
214  0.6281582895429241
215  0.6278469732608353
216  0.6275163251947795
217  0.6271874684033886
218  0.626941291027637
219  0.6266349259229504
220  0.6263043245742446
221  0.6260583894053382
222  0.6258001777374759
223  0.6255492279691492
224  0.6253468645401904
225  0.6251501530933841
226  0.6249830178019247
227  0.6266622829293707
228  0.6265797002893039
229  0.6265797002893039
